Sort odd numbers ascending before even numbers descending
Before:
+39 +36 +78 -92 +63 -21 -51 +49  +0 -77
-10 -49 -98 -17 +60 +83 +30 -97 -68 +86
+70 +84 -56  +3 +33 -34 +14 -40 -72 -86
-95 -87 -73 -20 -72 -86  -3 -71 -55 -80
-60  -4 -26 -64 -31 -84 -79 +25 +41 +80
-54 -51 +24 -48 +13 +61 -99 +60  -2 +16
-66 -30 +24 +88  +5 -77 +13  +3 +16 -69
-60 +26 +51 +16 -13 +71  -9  -2 +51 +72

After:
-99 -97 -95 -87 -79 -77 -77 -73 -71 -69
-55 -51 -51 -49 -31 -21 -17 -13  -9  -3
 +3  +3  +5 +13 +13 +25 +33 +39 +41 +49
+51 +51 +61 +63 +71 +83 +88 +86 +84 +80
+78 +72 +70 +60 +60 +36 +30 +26 +24 +24
+16 +16 +16 +14  +0  -2  -2  -4 -10 -20
-26 -30 -34 -40 -48 -54 -56 -60 -60 -64
-66 -68 -72 -72 -80 -84 -86 -86 -92 -98

Sort even numbers descending before odd numbers ascending
Before:
+39 +36 +78 -92 +63 -21 -51 +49  +0 -77
-10 -49 -98 -17 +60 +83 +30 -97 -68 +86
+70 +84 -56  +3 +33 -34 +14 -40 -72 -86
-95 -87 -73 -20 -72 -86  -3 -71 -55 -80
-60  -4 -26 -64 -31 -84 -79 +25 +41 +80
-54 -51 +24 -48 +13 +61 -99 +60  -2 +16
-66 -30 +24 +88  +5 -77 +13  +3 +16 -69
-60 +26 +51 +16 -13 +71  -9  -2 +51 +72

After:
+88 +86 +84 +80 +78 +72 +70 +60 +60 +36
+30 +26 +24 +24 +16 +16 +16 +14  +0  -2
 -2  -4 -10 -20 -26 -30 -34 -40 -48 -54
-56 -60 -60 -64 -66 -68 -72 -72 -80 -84
-86 -86 -92 -98 -99 -97 -95 -87 -79 -77
-77 -73 -71 -69 -55 -51 -51 -49 -31 -21
-17 -13  -9  -3  +3  +3  +5 +13 +13 +25
+33 +39 +41 +49 +51 +51 +61 +63 +71 +83

Sort odd numbers descending before even numbers ascending
Before:
+39 +36 +78 -92 +63 -21 -51 +49  +0 -77
-10 -49 -98 -17 +60 +83 +30 -97 -68 +86
+70 +84 -56  +3 +33 -34 +14 -40 -72 -86
-95 -87 -73 -20 -72 -86  -3 -71 -55 -80
-60  -4 -26 -64 -31 -84 -79 +25 +41 +80
-54 -51 +24 -48 +13 +61 -99 +60  -2 +16
-66 -30 +24 +88  +5 -77 +13  +3 +16 -69
-60 +26 +51 +16 -13 +71  -9  -2 +51 +72

After:
+83 +71 +63 +61 +51 +51 +49 +41 +39 +33
+25 +13 +13  +5  +3  +3  -3  -9 -13 -17
-21 -31 -49 -51 -51 -55 -69 -71 -73 -77
-77 -79 -87 -95 -97 -99 -98 -92 -86 -86
-84 -80 -72 -72 -68 -66 -64 -60 -60 -56
-54 -48 -40 -34 -30 -26 -20 -10  -4  -2
 -2  +0 +14 +16 +16 +16 +24 +24 +26 +30
+36 +60 +60 +70 +72 +78 +80 +84 +86 +88

Sort even numbers ascending before odd numbers descending
Before:
+39 +36 +78 -92 +63 -21 -51 +49  +0 -77
-10 -49 -98 -17 +60 +83 +30 -97 -68 +86
+70 +84 -56  +3 +33 -34 +14 -40 -72 -86
-95 -87 -73 -20 -72 -86  -3 -71 -55 -80
-60  -4 -26 -64 -31 -84 -79 +25 +41 +80
-54 -51 +24 -48 +13 +61 -99 +60  -2 +16
-66 -30 +24 +88  +5 -77 +13  +3 +16 -69
-60 +26 +51 +16 -13 +71  -9  -2 +51 +72

After:
-98 -92 -86 -86 -84 -80 -72 -72 -68 -66
-64 -60 -60 -56 -54 -48 -40 -34 -30 -26
-20 -10  -4  -2  -2  +0 +14 +16 +16 +16
+24 +24 +26 +30 +36 +60 +60 +70 +72 +78
+80 +84 +86 +88 +83 +71 +63 +61 +51 +51
+49 +41 +39 +33 +25 +13 +13  +5  +3  +3
 -3  -9 -13 -17 -21 -31 -49 -51 -51 -55
-69 -71 -73 -77 -77 -79 -87 -95 -97 -99
